573
579
579
599
619
643
649
656
662
671
681
693
704
713
731
754
781
808
824
834
834
849
881
912
931
929
927
931
944
959
978
994
1014
1047
1068
1095
1104
1133
1150
1159
1175
1167
1174
1166
1190
1201
1212
1209
1226
1243
1266
1253
1240
1228
1228
1234
1240
1262
1286
1301
1330
1353
1384
1389
1393
1402
1423
1430
1446
1452
1471
1476
1481
1486
1494
1501
1520
1533
1543
1541
1544
1552
1560
1569
1596
1627
1661
1676
1688
1728
1766
1796
1792
1788
1792
1809
1842
1874
1896
1908
1925
1941
1953
1950
1952
1955
1986
2021
2075
2116
2146
2163
2181
2193
2198
2197
2204
2207
2211
2215
2228
2241
2252
2265
2279
2303
2320
2313
2280
2255
2256
2285
2304
2328
2346
2364
2364
2355
2348
2350
2360
2356
2360
2374
2386
2390
2382
2415
2450
2473
2465
2457
2458
2465
2470
2450
2441
2432
2460
2489
2518
2539
2548
2548
2539
2528
2527
2516
2518
2513
2525
2538
2558
2577
2591
2612
2632
2664
2719
2798
2859
2891
2900
2908
2931
2958
2985
2998
3010
3045
3080
3111
3130
3146
3162
3170
3181
3192
3192
3191
3198
3215
3235
3249
3277
3306
3337
3359
3378
3393
3391
3386
3387
3411
3437
3465
3491
3524
3549
3588
3620
3654
3663
3670
3681
3691
3707
3722
3736
3746
3749
3753
3749
3748
3747
3752
3756
3765
3776
3792
3802
3816
3834
3826
3824
3813
3832
3839
3848
3851
3865
3884
3910
3921
3925
3900
3879
3864
3877
3894
3910
3924
3936
3944
3957
3977
3998
4016
4027
4037
4054
4074
4093
4104
4122
4151
4180
4203
4232
4256
4276
4284
4306
4328
4361
4384
4430
4471
4510
4524
4538
4544
4554
4566
4586
4605
4611
4618
4631
4653
4681
4700
4721
4735
4758
4775
4799
4814
4829
4840
4865
4889
4917
4936
4951
4985
5015
5051
5071
5091
5102
5108
5115
5125
5131
5140
5140
5139
5157
5174
5192
5214
5249
5300
5336
5385
5418
5441
5448
5461
5473
5485
5470
5458
5446
5455
5459
5463
5467
5471
5487
5503
5519
5525
5531
5539
5570
5602
5632
5638
5668
5706
5748
5758
5771
5769
5777
5774
5782
5796
5810
5827
5836
5846
5860
5875
5889
5900
5911
5925
5938
5949
5955
5981
6000
6021
6021
6027
6033
6036
6054
6073
6096
6106
6120
6111
6107
6076
6066
6062
6081
6101
6110
6121
6134
6145
6150
6152
6154
6173
6190
6208
6213
6218
6222
6235
6250
6266
6272
6276
6279
6282
6285
6288
6293
6303
6313
6321
6337
6324
6311
6310
6347
6384
6398
6429
6474
6517
6535
6557
6589
6620
6634
6641
6659
6701
6743
6780
6793
6800
6806
6816
6845
6869
6885
6888
6895
6910
6922
6930
6933
6933
6937
6941
6963
6983
7004
7011
7018
7024
7047
7076
7106
7119
7129
7136
7143
7158
7176
7199
7209
7214
7214
7221
7236
7254
7281
7306
7325
7319
7312
7314
7330
7350
7391
7427
7458
7464
7467
7470
7470
7494
7513
7533
7545
7562
7586
7609
7634
7656
7667
7676
7687
7693
7724
7763
7812
7836
7845
7861
7911
7972
8022
8036
8045
8052
8065
8066
8068
8066
8073
8076
8079
8079
8082
8085
8089
8114
8161
8207
8239
8273
8309
8335
8344
8364
8393
8415
8425
8435
8450
8475
8498
8523
8538
8553
8561
8572
8581
8615
8646
8676
8691
8705
8718
8731
8747
8767
8777
8773
8779
8785
8803
8809
8822
8830
8823
8814
8811
8833
8852
8876
8892
8906
8913
8924
8937
8959
8984
9028
9054
9071
9069
9070
9071
9061
9081
9099
9136
9150
9164
9168
9173
9178
9183
9192
9201
9236
9271
9308
9321
9329
9336
9341
9351
9357
9363
9383
9406
9452
9479
9506
9511
9522
9534
9543
9545
9546
9549
9552
9555
9572
9568
9567
9553
9538
9515
9492
9493
9499
9515
9537
9559
9570
9570
9571
9576
9600
9633
9666
9686
9694
9710
9756
9826
9894
9931
9962
9983
10004
10010
10024
10051
10077
10104
10120
10136
10143
10165
10202
10253
10289
10310
10330
10374
10419
10454
10469
10496
10508
10513
10499
10501
10504
10523
10538
10552
10561
10564
10569
10572
10585
10609
10633
10655
10669
10690
10712
10729
10743
10758
10799
10827
10851
10850
10855
10870
10881
10901
10944
10989
11033
11044
11068
11085
11094
11122
11167
11222
11237
11236
11235
11249
11263
11261
11264
11267
11284
11273
11273
11270
11288
11296
11310
11320
11328
11339
11350
11360
11390
11419
11453
11470
11485
11495
11498
11501
11489
11476
11465
11470
11474
11482
11490
11507
11540
11596
11648
11687
11706
11721
11727
11730
11732
11736
11746
11782
11818
11851
11858
11867
11873
11880
11885
11900
11924
11950
11965
11971
11988
12010
12050
12080
12105
12111
12116
12127
12145
12145
12141
12133
12169
12201
12241
12236
12233
12220
12228
12230
12235
12236
12271
12330
12391
12424
12430
12436
12448
12460
12475
12484
12501
12519
12541
12560
12574
12586
12590
12597
12608
12619
12628
12632
12635
12647
12656
12669
12678
12690
12705
12716
12727
12735
12740
12747
12745
12750
12787
12830
12867
12870
12876
12881
12887
12901
12920
12937
12949
12963
12974
12982
12988
12992
13003
13031
13064
13089
13092
13095
13106
13129
13152
13172
13166
13170
13160
13159
13146
13152
13163
13192
13211
13233
13258
13293
13331
13354
13362
13371
13383
13398
13424
13437
13474
13499
13530
13542
13565
13594
13621
13632
13649
13665
13694
13711
13729
13733
13737
13740
13743
13748
13756
13762
13769
13773
13779
13807
13835
13873
13886
13899
13907
13915
13924
13935
13960
13989
14011
14017
14019
14041
14066
14099
14110
14121
14123
14122
14116
14101
14128
14160
14201
14192
14186
14185
14214
14240
14262
14269
14283
14297
14311
14323
14334
14344
14356
14372
14395
14428
14464
14497
14510
14519
14523
14538
14547
14556
14556
14539
14522
14505
14508
14511
14512
14508
14513
14520
14512
14495
14483
14491
14497
14505
14516
14522
14521
14539
14568
14597
14608
14618
14631
14646
14660
14675
14698
14717
14732
14727
14730
14734
14746
14759
14777
14827
14870
14907
14913
14922
14931
14959
14989
15020
15052
15084
15108
15109
15115
15123
15132
15146
15167
15191
15200
15215
15226
15237
15240
15241
15227
15227
15252
15299
15340
15360
15376
15398
15409
15381
15339
15307
15312
15317
15322
15330
15339
15342
15344
15342
15348
15353
15366
15386
15390
15396
15385
15400
15409
15425
15429
15437
15448
15459
15465
15488
15513
15539
15532
15523
15500
15495
15490
15504
15511
15531
15553
15581
15596
15630
15661
15693
15698
15725
15760
15804
15825
15841
15851
15857
15865
15896
15934
15967
15980
16000
16041
16077
16101
16105
16114
16141
16166
16183
16187
16191
16202
16211
16227
16238
16253
16261
16269
16289
16312
16335
16341
16349
16357
16365
16368
16386
16405
16422
16424
16435
16467
16481
16521
16542
16582
16588
16594
16613
16630
16649
16642
16641
16656
16692
16722
16732
16747
16767
16792
16809
16822
16846
16841
16844
16833
16845
16848
16867
16895
16910
16921
16921
16947
16963
16981
16987
16991
16989
17009
17030
17059
17067
17074
17085
17102
17123
17138
17130
17110
17091
17092
17110
17141
17182
17217
17240
17253
17263
17271
17285
17299
17321
17340
17364
17384
17396
17409
17418
17427
17443
17459
17471
17475
17479
17489
17508
17527
17559
17583
17614
17633
17647
17656
17662
17667
17682
17697
17726
17747
17775
17800
17826
17843
17868
17879
17911
17931
17962
17978
17988
17996
18006
18015
18026
18044
18066
18089
18102
18118
18135
18149
18156
18187
18237
18285
18308
18312
18330
18349
18375
18387
18396
18400
18406
18443
18480
18533
18562
18589
18602
18610
18634
18657
18677
18681
18684
18688
18711
18736
18784
18815
18854
18869
18883
18891
18903
18914
18923
18932
18941
18959
18973
18987
18992
19014
19037
19056
19067
19054
19045
19032
19049
19086
19116
19145
19175
19229
19285
19331
19355
19371
19389
19417
19446
19461
19457
19436
19416
19409
19421
19434
19452
19483
19512
19554
19612
19667
19702
19713
19739
19763
19779
19789
19803
19823
19838
19845
19844
19841
19845
19851
19866
19893
19926
19948
19958
19964
19982
20019
20054
20085
20098
20111
20121
20125
20110
20110
20112
20140
20151
20162
20169
20175
20192
20207
20233
20248
20271
20285
20303
20337
20382
20428
20480
20519
20587
20624
20661
20664
20680
20694
20708
20711
20705
20704
20701
20710
20717
20729
20740
20748
20770
20788
20806
20829
20868
20907
20943
20967
21002
21016
21035
21043
21065
21085
21117
21144
21173
21190
21198
21205
21241
21279
21316
21348
21382
21414
21415
21417
21421
21436
21450
21461
21468
21472
21488
21517
21543
21584
21615
21655
21670
21704
21747
21792
21812
21831
21846
21864
21891
21922
21956
21981
22007
22030
22039
22041
22043
22051
22080
22117
22148
22158
22162
22175
22190
22209
22222
22235
22242
22258
22300
22327
22342
22337
22347
22353
22353
22351
22392
22444
22490
22496
22492
22513
22534
22558
22567
22576
22592
22606
22620
22646
22674
22704
22714
22722
22738
22751
22773
22786
22801
22808
22831
22852
22876
22878
22881
22884
22897
22918
22936
22952
22959
22965
22970
22994
23019
23047
23058
23068
23091
23112
23133
23154
23177
23200
23207
23212
23214
23214
23208
23223
23240
23269
23280
23312
23347
23382
23395
23403
23443
23484
23521
23550
23577
23610
23625
23653
23665
23672
23666
23688
23684
23680
23665
23677
23690
23713
23734
23746
23739
23737
23741
23747
23748
23755
23774
23800
23818
23824
23834
23841
23850
23866
23889
23926
23954
23985
23987
23980
23971
23976
23982
23987
23999
24024
24058
24084
24105
24129
24159
24183
24195
24204
24211
24219
24224
24229
24235
24266
24294
24318
24322
24332
24352
24374
24388
24414
24440
24468
24497
24513
24539
24548
24563
24572
24610
24671
24730
24746
24730
24714
24726
24754
24790
24810
24826
24835
24847
24864
24882
24906
24922
24938
24948
24950
24958
24961
24972
24967
24964
24976
24996
25029
25056
25092
25119
25138
25157
25170
25206
25246
25284
25298
25306
25321
25333
25349
25362
25375
25387
25404
25425
25436
25445
25449
25454
25458
25464
25469
25481
25498
25513
25518
25528
25548
25567
25584
25598
25618
25626
25632
25641
25664
25699
25725
25736
25741
25758
25785
25803
25809
25812
25810
25809
25825
25832
25850
25856
25879
25892
25901
25939
25976
26031
26049
26080
26094
26121
26135
26148
26153
26177
26200
26223
26226
26225
26227
26231
26223
26213
26203
26233
26266
26299
26306
26312
26316
26314
26341
26369
26405
26413
26425
26440
26455
26468
26478
26490
26506
26522
26537
26546
26551
26559
26561
26553
26539
26533
26541
26582
26625
26675
26692
26706
26713
26728
26747
26766
26780
26789
26807
26827
26847
26858
26873
26898
26920
26943
26959
26976
26989
27018
27049
27104
27141
27185
27198
27209
27230
27259
27285
27309
27333
27361
27377
27378
27378
27396
27423
27452
27462
27470
27481
27460
27439
27418
27439
27491
27544
27594
27618
27643
27665
27681
27690
27695
27708
27725
27746
27759
27766
27769
27782
27816
27848
27871
27876
27863
27849
27834
27849
27864
27886
27878
27870
27855
27861
27869
27878
27885
27906
27942
27988
28020
28061
28110
28159
28186
28194
28200
28203
28206
28221
28256
28306
28345
28364
28368
28371
28361
28364
28367
28388
28412
28420
28423
28404
28415
28427
28448
28458
28469
28471
28491
28511
28539
28547
28557
28567
28579
28609
28641
28673
28692
28707
28728
28755
28782
28800
28811
28826
28859
28888
28915
28950
28987
29023
29033
29038
29042
29047
29055
29071
29096
29117
29131
29141
29152
29173
29188
29208
29226
29259
29287
29304
29307
29307
29310
29313
29313
29322
29336
29356
29370
29385
29399
29412
29419
29426
29430
29434
29440
29452
29467
29486
29512
29535
29561
29595
29628
29656
29663
29672
29690
29709
29739
29762
29782
29771
29758
29758
29776
29791
29807
29836
29865
29882
29905
29931
29962
29976
29988
29995
29989
29982
29975
29980
29998
30019
30044
30055
30070
30091
30117
30140
30155
30165
30173
30195
30221
30262
30287
30314
30329
30354
30375
30391
30406
30423
30442
30455
30466
30479
30488
30518
30544
30581
30595
30612
30609
30622
30630
30652
30675
30704
30728
30751
30772
30797
30806
30789
30788
30789
30816
30821
30829
30843
30870
30894
30910
30918
30920
30939
30960
30991
31015
31042
31067
31082
31090
31094
31104
31117
31130
31139
31148
31164
31178
31188
31199
31218
